-0.5562748090345008
0.8501677870303825
0.3726243823596398
0.255692989392831
-0.909819853847531
0.21760494559774912
0.3838048541374079
-0.5506834222919752
-0.0864773842353033
0.3953849220820476
0.04562386570917902
-0.0536498821906393
0.32145496004332674
1.1805021962311817
-0.6033382660464158
0.4290012233646518
-0.10375294746516911
-0.29336309500666974
0.05071228086636508
0.5338812628638403
-0.1669241970372817
-0.4234153389713233
1.1900150772594584
-0.5841746068884754
0.014524256193191379
-0.40634869878352275
-0.8148132889074855
-0.8055465027618506
-0.08854093636761867
0.4256941214909701
-0.34727837111504434
-0.6632007487949232
-0.6333170181622975
0.5467923186578522
1.280287917220438
-0.3550656530359974
-0.8070108399951087
0.18090659283119434
-0.5692469768055882
-0.005139204411079606
-0.12428604112528115
0.7069577558308763
0.47596683971287795
-0.3848617107278838
-0.45918045922919093
-0.6202890106441026
0.24930865374595654
-0.3920462813801609
-0.7996741811457465
-0.20713953788012557
