-0.21679591120356015
0.9328252710751057
0.262271056915628
0.3076203226989577
-1.136125139977469
0.49922421905277015
0.37372907571792885
-0.5369984514948684
-0.11801997999012599
0.6541869729133676
0.28700672789210796
0.015552798142411662
-0.18908964171177609
1.037786475366942
-0.8758366710719054
0.1609906388747967
-0.10196137195315103
-0.41380854081535706
0.02342998380102793
0.492655390527368
0.06310467895122636
-0.6214548747805705
1.1294875428445836
-0.6763976295394404
-0.11895055733139706
-0.1039502382895779
-0.6414376619875172
-0.902138324215288
-0.47586527369047055
0.7895809522571219
-0.7001571335509978
-0.5857608262104012
-0.5615358785710273
0.3755304548471467
1.4453803473065248
-0.2271692465566702
-0.5528511290923819
0.11193641140342922
-0.5231544513292649
0.039006871611168135
-0.2626478423766465
0.6432135868152372
0.28479034125730535
-0.010722211517946213
-0.49666812927563225
-0.49663550929567607
0.377975798455892
-0.23702788633678942
-0.5237360260896746
-0.23693273327014858
