-0.23176222185745135
0.8709835212132192
0.22674642609040668
0.29371749090142696
-1.124718648336392
0.4601098779182249
0.35825383150905504
-0.5203886342638683
-0.1554785002600571
0.6517680795665973
0.306591691388802
0.015388146511119345
-0.19162264090219414
1.0049729525148043
-0.8620410324362003
0.15596367746733739
-0.12973750475918597
-0.40650172000523355
-0.02398392720621347
0.4862309658584472
0.04384838930156833
-0.6274873313244981
1.102826630202313
-0.6901750568123207
-0.07534877366895869
-0.1032712554267983
-0.6612278785609402
-0.9237196003785711
-0.4920625098230203
0.7859517180268089
-0.6987925073079233
-0.5792253549369489
-0.6022177842296615
0.35645140738222353
1.454545234876718
-0.23915742292728942
-0.5345791101153677
0.11820449026566279
-0.5683754680330233
0.0669930027470052
-0.28256956057809574
0.6037098535593493
0.2683310821138942
-0.06485951487361555
-0.4939218276342746
-0.4887478136724517
0.380885358562829
-0.2543722034293941
-0.5347800535852558
-0.2424699180450252
