-0.23119288887422854
0.8890021871789997
0.22569997878601247
0.309466016428629
-1.1659291038223714
0.5137114925880693
0.35782388954647165
-0.5153889532796823
-0.10447492299149702
0.6509064404678397
0.2660090176531254
0.024391088401733804
-0.19531576046499524
1.0367587498045825
-0.8646079947475505
0.17689889150264584
-0.10659660614044415
-0.449322941016574
-0.008861336447091198
0.485636578654944
0.051335968748500715
-0.6235651068954879
1.1178590569503504
-0.6576862397497822
-0.08539715763827462
-0.10441634567942461
-0.6601911044320148
-0.9168044619376611
-0.48950415345138015
0.7895848585798806
-0.6985484431267835
-0.6053747412347523
-0.5730333018383833
0.3638702893847743
1.4540237955539086
-0.22864248135612658
-0.5487636718579065
0.09107753402911396
-0.563374840404592
0.07827568648029086
-0.27750887863495766
0.6289595779664668
0.3014675107136724
-0.03722011308772118
-0.5032944519132292
-0.5023396049008902
0.38676988716886723
-0.26439614103298537
-0.514470716875142
-0.25321122411333924
