-0.2524139829950526
0.8445902547561879
0.2107826120644126
0.24775248100254033
-1.1124469580072747
0.5241337045142872
0.34400726219406685
-0.5283908637115716
-0.0816786340435043
0.641489189501739
0.30259747642447377
0.04826423109401338
-0.1609217330794465
1.0225444886069635
-0.8666755501030409
0.17912774446535118
-0.08953086033434123
-0.43211229453445005
-0.04063078726124275
0.46009241729767725
0.12210201967869022
-0.6020142928228239
1.1004778607707497
-0.6688695726881814
-0.04061043544174746
-0.15181435821703193
-0.6548458463202131
-0.9195353887996833
-0.45105046888103645
0.7602583657025708
-0.7363270765449664
-0.5912252698471268
-0.5553605752906231
0.3679700517819031
1.3857562276779596
-0.260027221649459
-0.5847122218305312
0.08316782570352212
-0.5534002013300995
0.03257568160941435
-0.2554299689282806
0.6500175029865873
0.29520363336687305
-0.04870708172976868
-0.4608796096959534
-0.5409003181814257
0.37964692377177783
-0.23699564106979254
-0.48539617137181096
-0.2181038011975189
