-0.18800151901606246
0.9032177214834795
0.20378345255581107
0.2927147049784618
-1.1783964374091689
0.5178229428798156
0.34455681091960083
-0.5076092034928806
-0.0708327274008361
0.6650087451070562
0.26898722118023527
-0.027246680028837705
-0.1607886905867588
1.0731698444637339
-0.8255378783973621
0.151767533109384
-0.1054919825943286
-0.4509626426478621
0.006770237246135288
0.4964534712227729
0.051411369937488835
-0.6080077487236869
1.1005216480053492
-0.6919976177358419
-0.07009931535322704
-0.07352721097340964
-0.6624425762021368
-0.9253713954587665
-0.448039725267336
0.7915310269547413
-0.6828826950803344
-0.621826450687073
-0.5733522427551101
0.39002866485307036
1.4495044297632027
-0.20618813225623883
-0.5451694976753743
0.10117390175317462
-0.5814764583590875
0.1329193860065384
-0.20954787287152493
0.6313110546772326
0.3214842871808776
0.019136183317635606
-0.5083683645081755
-0.4767234289528756
0.35387482596971287
-0.26445851422783334
-0.5103803050155198
-0.27423708418132453
