-0.2287639477457844
0.8386314638621627
0.24033014351034945
0.2894604141955571
-1.1532258524320809
0.5227660601492629
0.3443982040069763
-0.5088168939199506
-0.10876742355750493
0.6637776964683597
0.25638015351316623
0.022492203060714328
-0.18865197465027408
1.0377064332951274
-0.8695443685747841
0.19547312702003783
-0.0885707838653924
-0.4421882549297778
-0.00547570649475561
0.48007993080982986
0.03279185654990839
-0.6722825190659729
1.1080920424312
-0.6494745200839447
-0.05527450276182659
-0.07922876363708975
-0.6641944782102689
-0.926539692292461
-0.47783766998459265
0.8052489371614318
-0.7450121957078122
-0.5673756387585616
-0.593906987856207
0.36862769098523557
1.4323896865736458
-0.2331027493925521
-0.5593430111274034
0.09789978118432631
-0.5791578440186486
0.07577980416084959
-0.2601280678809004
0.6219618219146816
0.2687069391998401
-0.04623292158107402
-0.4732377752909524
-0.5005100964961328
0.3793684871803831
-0.2627102531978926
-0.5175516067186376
-0.2521203549929274
