-0.2589657509668731
0.8451356746666017
0.19265545396005868
0.2741018773476068
-1.1155190544818476
0.4940973453595022
0.3784278240715272
-0.47094242308841167
-0.09195766472349572
0.6552064189946829
0.27147590976037583
0.05657463250695159
-0.1912300907999335
1.0152995472213329
-0.870103907303126
0.18862833890465983
-0.08568955725589135
-0.4633191765535742
-0.026337938190165805
0.5267451114532444
0.030466031261714793
-0.6552491828891148
1.0753310698605132
-0.6701141420567194
-0.07260606214449046
-0.14942571497723334
-0.6873888599381274
-0.8238891373637913
-0.4806703781965746
0.7643833699636697
-0.7224873082709419
-0.6247961881719045
-0.5872308522157089
0.4121493798832696
1.4037176284303758
-0.22736508621254997
-0.5676362128176882
0.06652199636521075
-0.5421815669666457
0.05177010787821163
-0.273035305349655
0.6844105181270107
0.3006632550980105
-0.05672213332772225
-0.47083579973139317
-0.5061823799579477
0.39352039027429925
-0.23892662263364045
-0.5274457857046213
-0.20947472289214247
