-0.20944097610332418
0.8958536826318384
0.23076580002763833
0.2837274882461234
-1.1080524696269225
0.5405078311053939
0.30512741928264187
-0.4883458586633088
-0.1118038760106233
0.6012603125889118
0.2520861998042347
0.06607956596526865
-0.2341473336540624
1.0644497597346945
-0.8890878446422943
0.20844787584683924
-0.06678709499285584
-0.4722068990076644
-0.015267241462266875
0.48289821624666424
0.07859222840832909
-0.6235408645746258
1.1149330243817162
-0.684474855753369
-0.08129493335307471
-0.17063921404715843
-0.651409973890064
-0.878322209199008
-0.4842413087879626
0.7339215115591218
-0.7326745801216279
-0.6194217470996185
-0.5635210397024123
0.3521831033905662
1.402900407342666
-0.23230665361027258
-0.6024570716311379
0.07729103806443871
-0.5454909476209169
0.04445632182857863
-0.26149196942737835
0.6873546966928883
0.2845409880485239
-0.05694575635072438
-0.4463261648034731
-0.5530066587455442
0.3871472172856283
-0.2855797037750499
-0.4855757991320321
-0.21519923323634166
